180102 12.61 12.72 12.77 12.60 313230
180103 12.73 12.66 12.80 12.66 378391
180104 12.70 12.66 12.73 12.62 278838
180105 12.67 12.69 12.71 12.62 310267
180108 12.69 12.68 12.71 12.63 313898
180109 12.68 12.70 12.74 12.66 262154
180110 12.70 13.02 13.09 12.68 906799
180111 12.95 12.94 13.04 12.87 378164
180112 12.97 12.91 13.00 12.90 242034
180115 12.88 13.02 13.08 12.85 613206
180116 12.97 12.90 13.06 12.78 748926
180117 12.91 13.10 13.42 12.89 1271328
180118 13.14 13.24 13.25 13.05 1116080
180119 13.33 13.24 13.61 13.18 1716488
180122 12.93 12.77 13.15 12.71 2725138
180123 12.75 12.90 12.92 12.68 2178274
180124 12.97 13.57 14.00 12.89 3796536
180125 13.54 13.65 13.76 13.36 1769896
180126 13.65 13.41 13.72 13.36 2184196
180129 13.48 13.46 13.53 13.32 1537831
180130 13.45 13.11 13.49 13.09 1078040
180131 13.05 13.17 13.19 12.98 1177032
180201 13.14 13.30 13.33 12.94 1735733
180202 13.19 13.14 13.19 13.01 717967
180205 13.00 13.49 13.54 12.98 1501496
180206 13.29 13.48 13.50 13.20 2443589
180207 13.58 13.45 13.90 13.24 2007701
180208 13.34 13.10 13.40 12.95 1094268
180209 12.89 12.78 12.98 12.24 1492573
180212 12.66 12.49 12.68 12.43 647991
180213 12.55 12.51 12.68 12.50 549002
180214 12.50 12.46 12.55 12.38 325978
180222 12.60 12.63 12.68 12.53 420122
180223 12.66 12.72 12.78 12.59 387365
180226 12.77 12.73 12.84 12.61 488060
180227 12.75 12.69 12.76 12.61 485610
180228 12.61 12.46 12.66 12.44 398889
180301 12.40 12.47 12.50 12.38 344910
180302 12.40 12.41 12.46 12.36 230241
180305 12.41 12.42 12.48 12.34 293434
180306 12.48 12.49 12.51 12.38 272226
180307 12.51 12.49 12.60 12.46 388175
180308 12.55 12.47 12.55 12.40 221641
180309 12.49 12.48 12.51 12.42 235582
180312 12.53 12.50 12.54 12.46 251618
180313 12.50 12.49 12.58 12.43 251450
180314 12.45 12.39 12.45 12.38 228046
180315 12.35 12.39 12.41 12.34 172877
180316 12.36 12.30 12.40 12.30 267813
180319 12.31 12.31 12.33 12.26 168960
180320 12.28 12.32 12.39 12.25 206722
180321 12.34 12.29 12.40 12.28 238784
180322 12.35 12.25 12.35 12.25 229484
180323 12.00 11.71 12.06 11.64 571063
180326 11.71 11.61 11.75 11.50 364250
180327 11.70 11.62 11.77 11.56 273328
180328 11.53 11.57 11.75 11.52 229112
180329 11.57 11.62 11.71 11.45 331088
180330 11.63 11.65 11.69 11.61 232719
180402 11.68 11.71 11.82 11.65 277195
180403 11.66 11.56 11.67 11.54 183035
180404 11.61 11.53 11.65 11.53 196375
180409 11.53 11.50 11.59 11.49 167224
180410 11.52 11.77 11.79 11.51 287482
180411 11.79 11.91 12.02 11.75 312985
180412 11.91 11.78 11.96 11.76 188242
180413 11.83 11.69 11.89 11.69 140948
180416 11.80 11.55 11.80 11.54 237200
180417 11.56 11.55 11.70 11.55 254699
180418 11.75 11.73 11.79 11.66 262952
180419 11.80 11.80 11.89 11.76 165532
180420 11.74 11.61 11.79 11.57 183774
180423 11.56 11.60 11.75 11.53 181816
180424 11.56 11.78 11.78 11.56 230328
180425 11.71 11.66 11.77 11.65 160826
180426 11.73 11.57 11.78 11.55 182057
180427 11.58 11.61 11.67 11.55 234507
180502 11.33 11.03 11.33 10.97 693256
180503 10.99 10.92 11.01 10.83 346655
180504 10.91 10.83 10.94 10.80 222530
180507 10.82 10.84 10.89 10.76 274253
180508 10.84 10.95 10.97 10.81 287964
180509 10.95 10.93 11.00 10.89 185106
180510 10.98 10.95 11.00 10.91 160305
180511 11.00 10.95 11.01 10.94 220151
180514 10.97 11.00 11.05 10.96 237633
180515 11.03 10.99 11.05 10.88 235484
180516 10.93 10.87 10.96 10.86 235803
180517 10.86 10.83 10.91 10.81 184746
180518 10.85 10.90 10.90 10.81 217171
180521 10.98 10.94 10.98 10.90 233937
180522 10.94 10.88 10.95 10.85 160145
180523 10.88 10.80 10.89 10.79 211944
180524 10.83 10.79 10.84 10.76 152295
180525 10.83 10.71 10.83 10.68 190162
180528 10.71 10.76 10.79 10.61 183703
180529 10.70 10.64 10.74 10.61 169339
180530 10.56 10.44 10.60 10.39 322307
180531 10.46 10.55 10.69 10.46 455326
180601 10.60 10.68 10.69 10.53 183655
180604 10.76 10.75 10.83 10.70 161803
180605 10.71 10.66 10.75 10.61 186926
180606 10.64 10.55 10.64 10.53 149836
180607 10.56 10.62 10.66 10.51 233556
180608 10.55 10.42 10.57 10.37 271819
180611 10.38 10.42 10.43 10.28 180042
180612 10.41 10.35 10.41 10.30 160856
180613 10.30 10.21 10.33 10.18 199615
180614 10.16 10.22 10.26 10.16 175575
180615 10.22 10.30 10.34 10.19 199149
180619 10.23 9.92 10.24 9.81 429884
180620 9.92 9.89 9.98 9.87 189157
180621 9.88 9.83 9.98 9.75 236369
180622 9.83 9.76 9.83 9.67 250400
180625 9.77 9.56 9.82 9.55 242443
180626 9.60 9.48 9.60 9.35 244240
180627 9.41 9.37 9.53 9.36 249137
180628 9.33 9.50 9.61 9.32 307413
180629 9.56 9.56 9.60 9.45 194935
180702 9.55 9.29 9.55 9.23 226690
180703 9.29 9.35 9.38 9.20 241235
180704 9.34 9.31 9.42 9.28 144647
180705 9.26 9.26 9.35 9.22 164954
180706 9.31 9.37 9.43 9.17 225944
180709 9.37 9.60 9.63 9.37 221725
180710 9.61 9.57 9.65 9.50 124028
180711 9.37 9.38 9.44 9.32 152039
180712 9.41 9.57 9.61 9.39 197048
180713 9.57 9.49 9.58 9.46 150263
180716 9.50 9.41 9.54 9.34 144141
180717 9.41 9.44 9.48 9.38 137134
180718 9.51 9.51 9.64 9.48 189227
180719 9.60 9.56 9.62 9.53 183604
180720 9.56 9.87 9.95 9.47 332756
180723 9.91 9.96 10.03 9.74 314844
180724 9.98 10.02 10.14 9.97 364245
180725 10.12 10.02 10.12 9.96 158899
180726 10.07 9.96 10.08 9.95 152063
180727 9.96 9.99 10.04 9.93 121200
180730 9.99 10.13 10.16 9.97 200963
180731 10.12 10.17 10.20 10.00 182030
180801 10.26 9.91 10.27 9.90 207418
180802 9.91 9.79 10.03 9.66 244838
180803 9.79 9.83 9.98 9.76 169979
180806 9.97 9.91 10.03 9.87 174444
180807 9.94 10.11 10.12 9.94 217846
180808 10.15 10.05 10.15 10.01 134619
180809 10.00 10.14 10.18 9.99 176898
180810 10.14 10.07 10.14 10.02 131726
180813 10.00 9.98 10.06 9.90 179276
180814 9.98 10.06 10.07 9.95 158685
180815 10.06 9.90 10.06 9.90 147870
180816 9.87 10.06 10.12 9.84 243236
180817 10.16 9.98 10.16 9.93 150904
180820 10.17 10.15 10.17 10.01 269753
180821 10.18 10.12 10.20 10.09 197865
180822 10.12 10.09 10.14 10.00 119935
180823 10.13 10.07 10.14 9.98 155378
180824 10.06 10.30 10.43 10.02 322688
180827 10.33 10.33 10.35 10.21 232666
180828 10.30 10.30 10.38 10.25 146096
180829 10.29 10.32 10.32 10.26 103620
180830 10.30 10.17 10.41 10.17 186218
180831 10.16 10.33 10.36 10.16 373117
180903 10.27 10.24 10.30 10.17 143095
180904 10.21 10.37 10.40 10.18 163530
180905 10.31 10.12 10.37 10.12 227292
180906 10.12 10.14 10.23 10.12 105469
180907 10.15 10.19 10.25 10.12 89957
180910 10.16 10.18 10.23 10.13 118228
180911 10.22 10.02 10.27 9.98 196890
180912 9.99 10.04 10.07 9.95 165061
180913 10.17 10.29 10.30 10.11 294171
180914 10.36 10.26 10.36 10.21 164507
180917 10.26 10.15 10.28 10.10 105353
180918 10.16 10.26 10.26 10.09 166847
180919 10.28 10.24 10.29 10.20 185506
180920 10.26 10.22 10.28 10.18 163070
180921 10.24 10.49 10.49 10.15 375714
180925 10.38 10.35 10.47 10.32 158791
180926 10.39 10.41 10.56 10.34 311757
180927 10.45 10.48 10.48 10.38 241827
180928 10.49 10.62 10.75 10.44 374306
181008 10.39 10.16 10.48 10.15 419572
181009 10.08 10.15 10.24 10.07 231590
181010 10.14 10.17 10.28 10.13 181247
181011 10.00 9.80 10.05 9.71 390567
181012 9.90 10.03 10.10 9.83 251451
181015 10.05 10.03 10.16 9.97 139578
181016 10.03 10.05 10.19 9.97 153083
181017 10.18 10.29 10.31 10.14 265208
181018 10.35 10.19 10.35 10.16 224039
181019 10.25 10.38 10.43 10.07 403313
181022 10.32 10.62 10.70 10.32 470034
181023 10.64 10.45 10.70 10.45 380890
181024 10.57 10.74 11.05 10.52 591655
181025 10.60 10.84 10.89 10.54 368665
181026 10.85 10.92 10.98 10.74 275193
181029 11.08 10.79 11.12 10.71 352659
181030 10.93 10.95 11.05 10.89 330860
181031 10.99 10.98 11.03 10.87 217371
181101 11.05 10.89 11.09 10.86 235053
181102 11.10 11.18 11.25 10.94 477889
181105 11.15 11.14 11.25 11.08 170127
181106 11.13 11.03 11.15 11.00 184224
181107 11.09 10.90 11.10 10.87 208438
181108 11.05 11.06 11.10 10.90 199916
181109 10.99 10.75 11.03 10.70 255700
181112 10.77 10.80 10.95 10.75 270158
181113 10.68 10.82 10.90 10.68 207087
181114 10.87 10.70 10.87 10.68 179981
181115 10.72 10.77 10.81 10.65 165800
181116 10.77 10.76 10.85 10.71 213944
181119 10.86 10.88 10.90 10.77 213847
181120 10.87 10.69 10.89 10.65 218837
181121 10.61 10.66 10.72 10.61 160274
181122 10.73 10.64 10.73 10.57 140083
181123 10.60 10.50 10.66 10.50 147150
181126 10.66 10.50 10.66 10.43 143773
181127 10.50 10.49 10.61 10.45 150846
181128 10.56 10.58 10.62 10.50 183396
181129 10.64 10.63 10.75 10.54 206856
181130 10.65 10.71 10.75 10.62 285726
181203 10.99 11.02 11.05 10.84 430490
181204 11.00 11.08 11.08 10.97 208112
181205 10.99 11.00 11.10 10.96 254912
181206 10.82 10.90 10.93 10.82 235979
181207 10.94 10.89 11.03 10.88 105805
181210 10.77 10.83 10.90 10.77 159275
181211 10.84 10.72 10.90 10.69 172342
181212 10.89 10.73 10.89 10.70 124487
181213 10.76 10.80 10.86 10.73 197923
181214 10.74 10.62 10.80 10.59 241638
181217 10.65 10.78 10.78 10.62 197462
181218 10.68 10.57 10.82 10.54 194516
181219 10.59 10.54 10.65 10.54 136036
181220 10.53 10.25 10.59 10.11 300699
181221 10.23 10.07 10.24 10.00 208858
181224 9.98 9.91 10.04 9.86 227798
181225 9.77 9.79 9.86 9.60 348103
181226 9.81 9.67 9.88 9.64 205692
181227 9.77 9.66 9.80 9.66 273475
181228 9.72 9.80 9.95 9.71 274040